00100000
00000001
00000000
00001110
00100000
00000010
00000000
01001110 
00010000
00100000
00000000
00001101
00010000
01000000
00000000
00010001
00000000
00100010
00100000
00100010 
00011100
10000000
00000000
00000011 
00000000
00000000
00000000
00000000
00000000 
00000000
00000000
00000000
00000000
01000001
00010000
00100010
00001000
00000000
00000000
00000010
00000000
00000000
00000000
00000000
00000000
00000000
00000000
00000000
00000000
00100010
00001000
00100010
00001000
00000000
00000000
00000010
00000000
00000000
00000000
00000000
00000000
00000000
00000000
00000000
00000000
01100000
00010000
00100000
00001000
00000000
00000000
00010110
00000000
00000000
00000000
00000000
00000000
00000000
00000000
00000000
00000000
01100000
00001000
00100000
00000000
01100000
00011000
00100000
